% Joseph A. Boyle
% 3524
% Section C2
% MATLAB Assignement #6
rand('seed', 3524)
u = rvect(2), v = rvect(2)

u =

     4
     7


v =

     7
     9

% remove last command (up to rand)
format compact
u = rvect(2), v = rvect(2)
u =
     2
     3
v =
     6
     1
rank([u, v])
ans =
     2
% Question 1 (a)
% The sum of ||u|| and ||v|| will be greater than or equal to ||u + v||
% That is, the quantity of the length of u plus the length of v will be greater than or equal to the length of u plus v.
norm(u) + norm(v), norm(u + v)
ans =
    9.6883
ans =
    8.9443
% Question 1 (b)
|u*v| is less than or equal to ||u|| ||v||
 |u*v| is less than or equal to ||u|| ||v||
 
{Error: Unexpected MATLAB operator.
} 
% |u*v| is less than or equal to ||u|| ||v||
% The absolute value of the dot product of u and v is less than or equal to the product of the length of u times the length of v.
u'*v, norm(u)+norm(v)
ans =
    15
ans =
    9.6883
% delete above instruction
u'*v, norm(u)*norm(v)
ans =
    15
ans =
   21.9317
% delete above instruction
abst(u'*v), norm(u)*norm(v)
{Undefined function or variable 'abst'.} 
abs(u'*v), norm(u)*norm(v)
ans =
    15
ans =
   21.9317
% Question 1 (c)
w = ((u'*v)/(norm(v)*norm(v)))*v
w =
    2.4324
    0.4054
z = u - w
z =
   -0.4324
    2.5946
u
u =
     2
     3
% delete everything up to 1(c)
w = ((u'*v)/(norm(v)*norm(v)))*v
w =
    2.4324
    0.4054
z = u - w
z =
   -0.4324
    2.5946
z'*v
ans =
  -5.7732e-15
% Question 1 (d)
P = v*inv(v'*v)*v'
P =
    0.9730    0.1622
    0.1622    0.0270
P*u
ans =
    2.4324
    0.4054
% Why is P 2x2? DO THE THING JOE
% Question 2 (a)
u1 = rvect(3), u2 = rvect(3), u3 = rvect(3)
u1 =
     2
     5
     1
u2 =
     0
     7
     6
u3 =
     8
     9
     8
rank([u1, u2, u3])
ans =
     3

r = 0:0.05:1; hold on
plot3(r*u1(1),r*u1(2),r*u1(3), 'r:')
plot3(r*u2(1),r*u2(2),r*u2(3), 'g:')
plot3(r*u3(1),r*u3(2),r*u3(3), 'b:')
u1'*u2
ans =
    41
u2'*u3
ans =
   111
u3'*u1
ans =
    69
% Delete last 3
% These 3 vectors are not mutually orthogonal since they do not form 90 degree angles.
% Question 2 (b)
diary off
v1 = u1
v1 =
     2
     5
     1
P1 = v1*inv(v1'*v1)*v1', v2 = u2 - P1*u2
P1 =
    0.1333    0.3333    0.0667
    0.3333    0.8333    0.1667
    0.0667    0.1667    0.0333
v2 =
   -2.7333
    0.1667
    4.6333
v1'*v2
ans =
   2.6645e-15
plot3(r*v2(1),r*v2(2),r*v2(3), ’g-.’)
 plot3(r*v2(1),r*v2(2),r*v2(3), ’g-.’)
                                
{Error: The input character is not valid in MATLAB statements or expressions.
} 
plot3(r*v2(1),r*v2(2),r*v2(3), 'g-.')
P2 = v2*inv(v2'*v2)*v2', v3 = u3 - P1*u3 - P2*u3
P2 =
    0.2579   -0.0157   -0.4372
   -0.0157    0.0010    0.0267
   -0.4372    0.0267    0.7411
v3 =
    4.9758
   -2.5961
    3.0288
v3'*v2
ans =
  -8.8818e-15
v3'*v1
ans =
  -4.4409e-16
plot3(r*v3(1),r*v3(2),r*v3(3), 'b-.')
% Question 2 (c)
w1 = v1/norm(v1), w2 = v2/norm(v2), w3 = v3/norm(v3)
w1 =
    0.3651
    0.9129
    0.1826
w2 =
   -0.5079
    0.0310
    0.8609
w3 =
    0.7802
   -0.4071
    0.4749
Q = [w1, w2, w3]
Q =
    0.3651   -0.5079    0.7802
    0.9129    0.0310   -0.4071
    0.1826    0.8609    0.4749

% Do this and question 2 (d)
% Question 3 (a)
diary off
a1 = rvect(5); a2 = rvect(5); a3 = rvect(5); A = [a1, a2, a3]
A =
     3     5     4
     9     4     8
     8     1     2
     5     5     6
     7     0     4
rank(A)
ans =
     3
W= Col(A) 
{Undefined function or variable 'Col'.} 
W = Col(A)
{Undefined function or variable 'Col'.} 
W = colspace(A)
{Undefined function 'colspace' for input arguments of type 'double'.} 
Q = grams(A); w1 = Q(:,1), w2 = Q(:,2), w3 = Q(:,3)
w1 =
    0.1987
    0.5960
    0.5298
    0.3311
    0.4636
w2 =
    0.6486
    0.1140
   -0.3243
    0.5259
   -0.4295
w3 =
   -0.3047
    0.4486
   -0.7576
    0.0973
    0.3501
Q’*Q
 Q’*Q
  
{Error: The input character is not valid in MATLAB statements or expressions.
} 
Q'*Q
ans =
    1.0000    0.0000   -0.0000
    0.0000    1.0000    0.0000
   -0.0000    0.0000    1.0000
% delete below
Q', inv(Q)
ans =
    0.1987    0.5960    0.5298    0.3311    0.4636
    0.6486    0.1140   -0.3243    0.5259   -0.4295
   -0.3047    0.4486   -0.7576    0.0973    0.3501
{Error using <a href="matlab:matlab.internal.language.introspective.errorDocCallback('inv')" style="font-weight:bold">inv</a>
Matrix must be square.} 
% delete bove
% Since Q'*Q yields the Identity Matrix, we know that Q is an orthogonal matrix
% Since Q is an orthogonal matrix, its columns form an orthonormal basis.
% For w1, w2, and w3 to form an orthonormal basis, they must all be orthonormal to one another.
% Question 3 (b)
P = w1*w1' + w2*w2' + w3*w3'
P =
    0.5530    0.0557    0.1257    0.3773   -0.2931
    0.0557    0.5695   -0.0610    0.3009    0.3844
    0.1257   -0.0610    0.9598   -0.0688    0.1197
    0.3773    0.3009   -0.0688    0.3957   -0.0383
   -0.2931    0.3844    0.1197   -0.0383    0.5219
v = rvect(5)
v =
     7
     5
     0
     6
     5
w
w =
    2.4324
    0.4054
=
 =
 
{Error: The expression to the left of the equals sign is not a valid target for an assignment.
} 
% delete up to v = 
w=P*v, z=v-w
w =
    4.9476
    6.9649
    0.7603
    6.3284
    2.2498
z =
    2.0524
   -1.9649
   -0.7603
   -0.3284
    2.7502
P*w, P*z
ans =
    4.9476
    6.9649
    0.7603
    6.3284
    2.2498
ans =
   1.0e-14 *
   -0.1776
    0.1776
   -0.1665
   -0.0194
    0.2442
% Question 3 (c)
diary off
PW = A*inv(A'*A)*A'
PW =
    0.5530    0.0557    0.1257    0.3773   -0.2931
    0.0557    0.5695   -0.0610    0.3009    0.3844
    0.1257   -0.0610    0.9598   -0.0688    0.1197
    0.3773    0.3009   -0.0688    0.3957   -0.0383
   -0.2931    0.3844    0.1197   -0.0383    0.5219
norm(P*W-P)
{Undefined function or variable 'W'.} 
norm(PW-P)
ans =
   1.6012e-15
diary off
